controller|worker|seconds|targets
ced219a8418b6f3ba157d1c4|1|79.786|1
ced219a8418b6f3ba157d1c4|2|95.57|1
ced219a8418b6f3ba157d1c4|3|0|0
ced219a8418b6f3ba157d1c4|4|0|0
ced219a8418b6f3ba157d1c4|5|0|0
ced219a8418b6f3ba157d1c4|6|0|0
ced219a8418b6f3ba157d1c4|7|0|0
ced219a8418b6f3ba157d1c4|8|0|0
ced219a8418b6f3ba157d1c4|9|0|0
ced219a8418b6f3ba157d1c4|10|0|0
ced219a8418b6f3ba157d1c4|11|0|0
ced219a8418b6f3ba157d1c4|12|0|0
ced219a8418b6f3ba157d1c4|13|0|0
ced219a8418b6f3ba157d1c4|14|0|0
ced219a8418b6f3ba157d1c4|15|0|0
